[[21, 48, 23, 19, 18, 24, 77, 25], [36, 44, 40, 43, 35, 93, 93, 96], [14, 47, 11, 78, 73, 60, 55], [65, 83, 64, 76, 89], [33, 50, 67, 84, 56, 91, 94, 80], [95, 63, 51, 22, 20, 49, 74], [7, 88, 79, 6, 4], [85, 62, 57, 66], [42, 39, 37, 38, 41, 54], [72, 71, 81, 61, 2, 68, 70, 100], [92, 69, 90, 53, 10, 13, 17], [82, 59, 86, 86, 99, 52], [5, 45, 3, 1, 46, 8], [98, 12, 16, 15, 9, 87, 97, 75, 58], [31, 29, 27, 30, 28, 26, 32, 34]]
[[92, 85, 63, 76, 89, 56], [33, 34, 30, 31, 50, 93, 80], [47, 16, 15, 11, 9, 10], [72, 71, 94, 96, 81], [95, 48, 18], [82, 98, 69, 88, 99, 90, 68, 54], [83, 62, 67, 84, 91, 66], [39, 36, 37, 38, 44, 40, 41, 43, 35], [52, 75, 87, 59, 97, 13, 17], [42, 61, 53, 78, 55], [28, 26, 27, 29, 32], [2, 45, 5, 3, 1, 8, 46, 60, 70, 100], [21, 19, 23, 22, 49, 20, 24, 77, 25], [12, 14, 73, 79, 6, 7, 4], [65, 51, 64, 57, 86, 74, 58]]
[[52, 16, 47, 9, 86, 74], [7, 73, 8, 60, 55, 80], [42, 61, 41, 81, 54, 96], [21, 48, 23, 18, 49, 22], [65, 19, 76, 89, 20, 24, 25], [33, 51, 84, 56], [92, 69, 88, 90, 66, 91, 93], [29, 27, 28, 30, 26, 32, 31, 34, 50], [2, 45, 5, 3, 1, 46, 6, 4, 70, 100], [95, 64, 57, 99], [63, 85, 62, 67], [36, 39, 44, 38, 40, 43, 37, 35], [83, 15, 53, 98, 68], [59, 11, 87, 97, 75, 77, 58], [82, 12, 14, 79, 78, 10, 13, 17], [72, 71, 94]]
[[26, 27, 29, 34, 32, 54, 96, 93], [39, 36, 37, 38, 40, 43, 35], [83, 21, 23, 18, 19, 22, 49, 20, 24, 80], [75, 99, 86, 57, 74], [33, 76, 51, 56], [82, 98, 69, 90, 53, 78, 55, 68, 100, 70], [7, 88, 73, 79, 60], [12, 14, 11, 16, 9, 10, 17, 13], [52, 64], [63, 85, 62, 50, 84, 91, 66], [65, 47, 15, 87, 59, 97, 77, 58], [72, 71, 67], [42, 44, 41], [2, 45, 3, 5, 6, 8], [92, 95, 94, 81, 61, 1, 46, 4], [31, 28, 30, 89, 48, 25]]
[[2, 88, 79, 73, 78, 60, 68, 80, 80], [92, 69, 90, 57, 24, 20], [82, 44, 41], [31, 67], [63, 85, 51, 76, 84], [45, 5, 3, 1, 8, 7, 55], [42, 39, 36, 37, 38, 40, 43, 35, 70, 100], [29, 33, 50, 56, 66], [52, 64, 99, 9, 10, 17, 13], [65, 83, 62, 91, 81, 54, 96, 94, 93], [28, 26, 27, 30, 34, 32, 89], [72, 71, 61, 6, 46, 4], [95, 19, 23, 18, 22, 49, 48, 21, 25, 77], [12, 14, 16, 15, 11, 53], [98, 47], [75, 86, 87, 97, 59, 74, 58]]
[[21, 48, 23, 57, 97, 58], [33, 30, 34, 50], [14, 47, 11, 78, 73, 60, 55], [82, 83, 19, 18, 49, 20, 56, 93], [42, 39, 36, 44, 38, 40, 37, 35, 43], [31, 29, 27, 26, 28, 32, 89], [92, 69, 88, 53, 53, 90], [65, 62, 67, 84, 91, 68], [2, 45, 5, 3, 7, 8, 46, 1, 4, 70, 100, 100], [12, 16, 15, 79, 17, 13], [98, 61, 61, 41], [95, 64, 99, 9, 10, 74, 80], [63, 85, 51, 76, 22, 24, 66], [72, 71, 94, 81, 96, 54], [52, 59, 59, 86, 87, 75, 77, 25]]
[[59, 11, 87, 97, 75, 77, 58], [63, 33, 30, 89], [2, 7, 1, 3, 8, 8, 6], [85, 62, 50, 51, 20, 24, 25], [31, 29, 27, 26, 28, 32, 34, 93], [65, 12, 15, 16, 9], [39, 79, 46, 5, 4, 70, 70, 100], [52, 48, 23, 21, 18, 57, 74, 80], [14, 47, 73, 78, 53], [98, 69, 82, 99, 86, 10, 13, 17, 60], [83, 19, 76, 49, 22], [92, 95, 64, 90], [72, 71, 67, 94, 91, 84, 56, 66], [42, 36, 44, 41, 38, 40, 37, 35, 43], [45, 88, 61, 81, 96, 68, 55]]
[[31, 28, 33], [29, 27, 26, 30, 34, 32], [52, 16, 15, 86, 57, 74, 77, 58], [72, 61, 44, 41, 81], [95, 63, 51, 76, 89, 66], [82, 98, 69, 88, 99, 90], [21, 48, 23, 18, 19, 22, 49, 24, 20, 25], [45, 5, 3, 6, 46, 8, 2, 4, 1], [42, 39, 36, 37, 38, 40, 35, 43, 70, 100], [75, 59, 87, 97, 13, 80], [65, 83, 64, 67, 71, 94, 54, 96, 93], [92, 85, 62, 50, 84, 56, 91], [47, 12, 11, 14, 9, 53, 10, 17], [7, 73, 79, 78, 60, 55, 68]]
[[85, 63, 51, 76, 89], [36, 44, 41, 54, 68], [65, 98, 73, 79], [52, 64, 99, 57, 74, 58, 77], [21, 48, 23, 18, 49, 19, 22, 20, 25, 24], [92, 61, 8, 46], [42, 39, 37, 38, 40, 43, 35], [59, 86, 87, 75, 97], [5, 45, 1, 2, 6, 7, 3, 4, 100, 70], [82, 14, 11, 53, 78, 60, 55], [69, 88, 90], [12, 47, 16, 15, 9, 10, 13, 17], [95, 71, 72, 81, 91, 56], [33, 28, 26, 27, 30, 29, 31, 32, 34, 50], [83, 62, 67, 84, 66, 94, 93, 96, 80]]
[[75, 86, 97, 74], [21, 48, 23, 18, 22, 49, 20, 24, 25], [63, 51, 76, 89, 77, 58], [52, 59, 99], [95, 85, 62, 67, 94, 54, 43, 70, 100], [92, 71, 72, 96], [45, 7, 78, 53, 68], [33, 34, 50, 84, 56], [16, 15, 87, 13, 17], [47, 12, 11, 14, 9, 10], [39, 36, 44, 40, 38, 41, 35, 37], [65, 83, 64, 19, 57, 66, 91, 93, 80], [82, 98, 69, 88, 79, 73, 60, 55], [42, 61, 81, 90], [2, 5, 3, 6, 8, 46, 1, 4], [29, 31, 30, 27, 28, 26, 32]]
