NAME : train_1
COMMENT : Converted instance
TYPE : VRPTW
DIMENSION : 101
EDGE_WEIGHT_TYPE : EXPLICIT
VEHICLES : 25
EDGE_WEIGHT_FORMAT : FULL_MATRIX
CAPACITY : 700
EDGE_WEIGHT_SECTION
0	28	21	29	26	15	25	27	12	23	17	20	38	31	39	36	40	33	35	39	10	12	12	31	15	24	34	17	36	20	21	34	32	34	32	38	35	39	41	40	32	19	19	17	31	22	26	18	11	31	23	25	21	45	40	35	45	35	45	40	45	22	18	14	22	25	17	12	20	16	59	57	24	56	20	16	52	32	39	51	51	47	35	32	31	46	26	24	27	21	21	22	44	8	41	37	24	40	31	34	38
28	0	9	12	12	14	49	8	23	25	19	18	29	30	32	32	34	34	37	37	33	29	33	39	37	31	46	37	52	41	38	58	55	56	53	62	56	61	63	60	59	46	47	44	59	50	53	46	38	55	50	52	48	70	66	61	71	62	71	66	72	45	40	35	45	51	40	35	46	41	62	59	45	60	40	12	55	36	44	57	60	52	30	28	25	45	24	31	20	12	22	17	18	20	15	11	36	13	6	6	10
21	9	0	17	16	6	40	13	15	17	11	10	25	24	27	27	29	27	30	32	25	21	25	31	28	23	38	28	44	32	29	49	46	48	45	53	47	52	54	51	53	39	40	37	52	43	46	38	31	50	42	45	40	65	60	55	65	55	65	60	66	40	35	30	40	45	35	30	40	35	64	61	41	62	36	5	57	37	45	58	60	53	34	31	28	48	26	31	22	13	21	18	27	12	23	20	34	21	14	14	18
29	12	17	0	4	20	53	4	29	34	27	27	40	40	43	43	45	44	47	48	37	35	38	48	42	40	54	43	60	46	44	62	60	61	59	66	62	67	68	66	57	46	47	45	57	50	52	47	39	51	52	54	50	66	62	58	68	59	68	64	69	41	36	31	41	48	37	33	44	38	51	47	40	49	35	17	44	26	33	46	50	41	19	17	14	33	15	23	9	8	14	9	17	23	13	11	29	16	7	13	17
26	12	16	4	0	18	50	4	27	32	25	25	40	39	42	42	44	43	46	47	34	32	35	46	38	38	52	40	57	43	41	59	56	58	56	63	59	64	65	64	54	42	43	41	54	47	49	43	35	48	48	50	47	63	59	54	64	56	65	60	66	37	33	28	38	44	34	29	40	34	50	47	37	48	32	15	43	24	32	45	48	40	19	16	13	33	13	20	8	4	11	6	20	20	17	14	26	19	9	15	20
15	14	6	20	18	0	35	17	9	15	7	8	26	22	28	27	30	26	29	31	19	15	19	28	23	20	34	23	39	27	24	44	41	42	39	48	42	47	49	47	47	34	34	31	46	37	41	32	26	45	37	39	34	60	55	50	60	50	60	55	60	36	31	26	36	40	30	25	35	30	64	61	37	61	32	3	57	36	44	57	59	52	34	32	29	48	26	29	24	14	21	19	32	7	29	25	32	27	19	20	24
25	49	40	53	50	35	0	50	25	30	31	33	44	34	43	38	43	33	33	38	16	20	16	24	12	25	22	12	18	9	14	9	6	8	9	13	11	14	16	16	31	21	20	18	27	18	25	16	20	39	14	15	11	46	41	37	44	35	43	39	42	36	35	34	34	33	32	31	29	30	80	79	39	77	38	37	74	56	62	72	71	69	60	57	56	70	52	48	52	46	46	48	67	31	63	60	46	62	53	54	58
27	8	13	4	4	17	50	0	26	30	23	23	36	36	39	39	41	40	43	44	34	31	35	44	39	36	51	39	56	43	41	59	57	58	56	64	59	64	65	63	56	44	45	43	56	49	51	45	37	51	50	52	48	66	62	57	67	59	68	63	69	41	36	31	41	47	37	32	43	37	54	51	40	52	35	14	47	29	36	49	52	44	23	21	17	37	17	25	12	6	15	10	17	20	14	11	30	15	5	10	15
12	23	15	29	27	9	25	26	0	12	6	9	27	19	28	24	29	22	24	28	11	6	10	21	13	13	26	14	30	17	15	35	31	33	30	38	33	38	39	37	42	28	28	25	40	30	35	25	20	42	29	31	27	56	51	46	55	45	55	50	55	34	30	26	33	36	28	24	31	27	68	66	36	65	31	12	61	41	48	61	62	57	41	38	36	54	32	33	31	22	26	26	41	8	38	34	34	36	28	29	33
23	25	17	34	32	15	30	30	12	0	8	7	15	8	16	13	17	11	14	16	20	14	18	15	20	7	22	19	28	22	17	39	35	36	32	42	34	40	41	38	53	39	38	35	50	40	45	35	31	54	38	40	35	67	62	57	66	56	66	61	65	46	41	37	45	48	40	36	42	39	78	76	47	75	43	18	71	51	58	71	73	67	49	46	44	63	41	43	38	29	35	34	42	18	39	35	45	35	30	29	31
17	19	11	27	25	7	31	23	6	8	0	3	21	16	23	21	24	19	22	24	17	11	16	21	19	13	27	18	33	22	19	40	36	37	34	43	37	42	44	41	48	34	34	31	46	36	41	31	26	48	35	37	33	62	56	51	61	51	61	56	61	39	34	30	38	42	33	29	37	33	70	68	40	67	36	10	63	43	50	63	65	59	41	39	36	55	33	35	31	21	27	26	37	11	34	30	37	31	25	24	28
20	18	10	27	25	8	33	23	9	7	3	0	19	14	21	19	22	18	21	23	20	14	18	21	21	13	28	21	34	24	21	42	38	40	36	45	38	44	45	42	51	37	37	34	49	39	44	34	29	51	38	40	35	65	59	54	64	54	64	59	64	42	37	33	41	45	36	31	40	35	72	69	43	69	38	11	65	44	52	65	67	60	42	40	37	56	34	37	31	22	29	27	36	13	33	29	40	30	24	23	26
38	29	25	40	40	26	44	36	27	15	21	19	0	10	3	7	5	12	14	11	35	29	33	22	35	19	29	33	37	35	30	52	47	48	43	54	45	51	51	47	68	54	54	51	65	55	61	50	46	69	53	55	50	82	77	72	81	71	81	76	81	60	56	51	60	63	55	50	58	54	89	86	62	87	57	28	82	62	70	83	85	78	58	56	52	72	51	55	47	37	46	43	42	32	40	37	58	35	34	30	30
31	30	24	40	39	22	34	36	19	8	16	14	10	0	10	5	10	4	7	9	26	21	24	12	25	9	19	23	27	25	20	42	37	38	33	43	34	40	41	37	59	45	44	41	56	46	51	41	38	61	43	45	40	73	68	63	72	62	72	67	71	53	49	45	52	55	47	43	49	46	86	83	55	83	51	25	79	58	66	79	80	75	57	54	51	70	48	51	46	36	43	41	46	26	44	40	53	39	36	33	34
39	32	27	43	42	28	43	39	28	16	23	21	3	10	0	5	2	11	12	9	36	30	34	21	35	19	27	33	35	35	30	51	47	47	42	53	43	49	50	46	68	55	54	51	66	56	61	51	47	70	53	55	50	83	78	73	82	72	82	77	81	62	57	53	61	64	56	51	59	55	91	88	63	89	59	30	84	64	72	85	87	80	61	58	55	75	53	57	50	40	48	45	45	34	43	40	60	38	37	33	33
36	32	27	43	42	27	38	39	24	13	21	19	7	5	5	0	5	5	7	5	32	26	29	15	30	14	22	28	30	30	25	46	41	42	37	47	38	44	45	40	64	50	50	47	61	51	57	46	43	66	48	50	45	79	73	69	78	67	77	72	76	58	54	50	57	60	52	48	55	51	90	87	60	88	56	29	83	63	70	84	85	79	60	58	55	74	52	56	49	39	47	45	47	31	45	42	58	40	38	35	35
40	34	29	45	44	30	43	41	29	17	24	22	5	10	2	5	0	10	11	7	36	31	34	20	35	19	26	33	34	35	30	51	46	47	42	52	43	48	49	45	69	55	55	52	66	56	62	51	48	71	53	55	50	84	78	73	82	72	82	77	81	63	58	54	62	65	57	52	59	56	93	90	64	91	60	32	86	66	73	87	88	82	63	60	57	77	55	59	51	42	50	47	47	35	45	42	62	40	39	35	35
33	34	27	44	43	26	33	40	22	11	19	18	12	4	11	5	10	0	3	6	28	22	25	10	26	10	16	24	24	25	20	41	36	36	32	42	33	38	39	35	60	46	46	43	57	47	52	42	39	63	44	46	41	75	69	65	73	63	73	68	72	55	51	47	54	56	49	45	51	48	89	87	57	87	53	29	82	62	69	82	84	78	60	58	55	74	52	54	49	40	47	45	50	29	48	44	56	43	40	37	38
35	37	30	47	46	29	33	43	24	14	22	21	14	7	12	7	11	3	0	5	29	24	26	9	27	11	15	24	23	25	21	40	35	36	31	41	32	37	38	34	61	47	47	44	58	47	53	43	41	64	44	46	41	76	70	66	74	64	74	69	73	57	53	49	56	58	51	47	52	50	92	89	59	89	55	32	85	64	72	85	86	81	63	60	58	77	55	57	52	42	49	47	53	32	50	47	59	46	43	40	41
39	37	32	48	47	31	38	44	28	16	24	23	11	9	9	5	7	6	5	0	34	28	31	14	32	16	19	29	27	30	25	45	40	41	36	46	36	42	43	38	65	52	51	48	62	52	58	47	45	68	49	51	46	80	75	70	79	69	78	74	78	61	57	53	60	62	55	51	57	54	94	92	63	92	59	34	87	67	75	88	89	83	65	62	59	79	57	60	54	44	51	49	52	35	50	47	62	45	43	40	40
10	33	25	37	34	19	16	34	11	20	17	20	35	26	36	32	36	28	29	34	0	6	3	23	5	18	25	7	26	10	11	25	22	24	23	29	25	30	32	30	33	19	18	15	30	20	25	15	12	35	18	21	16	47	42	37	46	36	46	41	45	28	25	22	27	29	23	20	23	21	68	67	30	65	27	21	62	42	49	60	60	57	45	42	41	56	36	34	36	30	30	32	51	14	47	44	34	46	38	39	43
12	29	21	35	32	15	20	31	6	14	11	14	29	21	30	26	31	22	24	28	6	0	4	19	8	13	23	8	26	12	10	29	26	27	25	33	27	32	34	32	38	25	24	21	36	26	31	21	17	40	24	26	22	53	48	43	52	42	52	47	51	33	29	26	32	34	27	23	29	26	70	68	35	67	31	17	64	43	51	63	63	59	45	42	40	57	36	35	35	27	30	30	47	12	44	40	36	42	34	35	38
12	33	25	38	35	19	16	35	10	18	16	18	33	24	34	29	34	25	26	31	3	4	0	20	4	15	22	5	24	8	9	25	22	23	21	29	24	29	30	29	35	21	21	18	32	22	28	17	14	38	20	22	17	50	44	40	49	38	48	43	48	31	28	25	30	31	25	22	26	24	71	69	33	68	30	21	64	45	51	63	63	59	47	44	42	58	38	36	38	30	32	33	51	15	48	44	36	46	38	39	43
31	39	31	48	46	28	24	44	21	15	21	21	22	12	21	15	20	10	9	14	23	19	20	0	19	8	7	17	15	17	13	31	26	27	22	32	23	29	30	25	53	40	39	36	49	39	46	35	34	57	36	38	33	68	63	58	66	56	66	61	65	51	48	44	50	51	45	42	46	44	89	87	53	86	50	31	82	62	69	81	82	77	62	59	57	75	53	54	51	42	47	46	56	29	53	50	55	50	45	43	45
15	37	28	42	38	23	12	39	13	20	19	21	35	25	35	30	35	26	27	32	5	8	4	19	0	16	21	3	22	5	7	21	18	20	18	25	21	25	27	25	34	21	20	17	31	21	27	16	15	38	18	20	15	49	43	39	47	37	47	42	46	32	29	27	30	31	27	24	26	25	73	72	34	70	32	25	67	47	54	65	65	62	50	47	46	61	41	39	41	34	35	36	55	19	51	48	38	49	41	42	46
24	31	23	40	38	20	25	36	13	7	13	13	19	9	19	14	19	10	11	16	18	13	15	8	16	0	15	14	21	16	11	33	29	30	25	35	27	33	34	30	50	36	36	33	47	37	43	32	30	53	34	36	31	65	59	55	64	53	63	58	62	46	42	38	44	47	40	36	41	39	81	79	48	79	44	23	75	54	62	74	75	70	54	51	49	67	45	47	43	34	40	38	49	22	46	42	48	42	37	36	38
34	46	38	54	52	34	22	51	26	22	27	28	29	19	27	22	26	16	15	19	25	23	22	7	21	15	0	18	8	17	14	27	22	22	17	27	17	23	23	19	52	40	39	37	48	39	45	35	36	58	35	36	32	67	62	58	65	56	64	60	63	53	50	47	51	52	47	45	47	46	93	91	55	90	52	37	86	66	73	85	85	82	67	64	62	80	58	58	57	48	52	52	63	34	60	57	58	57	52	50	52
17	37	28	43	40	23	12	39	14	19	18	21	33	23	33	28	33	24	24	29	7	8	5	17	3	14	18	0	19	4	4	21	18	19	17	25	19	24	26	24	36	23	22	20	33	23	29	18	18	41	20	22	17	51	46	42	50	40	49	45	49	35	32	30	33	34	29	27	29	28	75	74	37	72	34	26	69	49	56	68	68	64	52	49	47	63	43	41	43	35	37	38	55	20	52	48	41	50	42	43	46
36	52	44	60	57	39	18	56	30	28	33	34	37	27	35	30	34	24	23	27	26	26	24	15	22	21	8	19	0	17	16	21	16	16	11	20	10	15	16	11	49	39	37	35	45	36	42	33	35	56	32	33	29	64	59	55	62	52	60	56	59	52	50	48	51	50	47	46	45	46	94	93	55	91	53	42	88	69	76	87	86	83	71	68	66	82	62	61	61	53	56	56	70	38	67	63	60	64	58	57	59
20	41	32	46	43	27	9	43	17	22	22	24	35	25	35	30	35	25	25	30	10	12	8	17	5	16	17	4	17	0	5	18	14	16	13	21	16	21	22	21	36	23	22	20	32	22	29	18	19	41	19	21	16	51	46	41	49	39	48	44	47	36	34	32	34	35	31	29	30	29	78	76	39	75	36	29	72	52	59	70	70	67	55	52	51	66	46	44	46	39	40	41	59	23	55	52	43	53	45	46	49
21	38	29	44	41	24	14	41	15	17	19	21	30	20	30	25	30	20	21	25	11	10	9	13	7	11	14	4	16	5	0	22	18	19	16	25	18	23	25	22	40	27	26	24	37	27	33	22	22	45	24	25	21	55	50	46	54	44	53	48	52	39	36	34	38	38	34	31	33	32	79	78	41	76	39	27	73	53	60	72	72	68	55	52	50	67	46	45	45	37	40	40	56	22	52	49	45	50	43	43	46
34	58	49	62	59	44	9	59	35	39	40	42	52	42	51	46	51	41	40	45	25	29	25	31	21	33	27	21	21	18	22	0	5	5	10	5	11	9	11	14	31	25	23	23	27	21	26	20	26	41	16	16	15	45	41	38	42	34	41	38	39	40	40	40	38	35	37	37	32	35	85	85	43	82	43	46	80	63	68	77	76	75	68	65	64	77	59	55	60	54	54	56	76	39	72	69	52	71	62	64	67
32	55	46	60	56	41	6	57	31	35	36	38	47	37	47	41	46	36	35	40	22	26	22	26	18	29	22	18	16	14	18	5	0	2	5	7	7	8	10	11	34	26	24	24	30	22	28	21	26	43	18	18	16	49	44	41	46	38	45	41	43	41	40	40	39	37	37	37	34	35	86	85	44	83	43	43	80	62	68	78	76	75	67	64	63	76	58	54	59	52	52	54	73	37	69	66	52	67	59	60	64
34	56	48	61	58	42	8	58	33	36	37	40	48	38	47	42	47	36	36	41	24	27	23	27	20	30	22	19	16	16	19	5	2	0	5	6	6	6	8	9	36	28	26	25	31	24	30	23	28	45	20	20	18	50	45	42	47	39	46	42	44	43	42	42	41	39	39	39	35	37	88	87	46	85	45	45	82	64	70	80	78	77	69	66	65	78	60	56	60	54	54	56	74	38	71	67	54	69	61	62	65
32	53	45	59	56	39	9	56	30	32	34	36	43	33	42	37	42	32	31	36	23	25	21	22	18	25	17	17	11	13	16	10	5	5	0	10	3	8	9	8	39	30	28	27	35	27	33	24	28	47	22	23	20	54	49	45	51	42	50	46	48	45	43	42	43	41	40	39	37	38	88	88	47	85	46	42	83	64	70	80	80	78	68	65	63	78	59	56	59	52	53	54	71	36	68	64	54	66	58	59	62
38	62	53	66	63	48	13	64	38	42	43	45	54	43	53	47	52	42	41	46	29	33	29	32	25	35	27	25	20	21	25	5	7	6	10	0	10	6	7	11	35	30	28	28	31	25	31	25	31	46	21	21	20	49	45	42	46	39	45	41	42	45	45	45	43	40	42	42	37	40	90	90	48	87	48	50	85	68	73	82	81	80	73	70	69	82	64	60	65	59	59	60	80	44	76	73	57	74	66	67	71
35	56	47	62	59	42	11	59	33	34	37	38	45	34	43	38	43	33	32	36	25	27	24	23	21	27	17	19	10	16	18	11	7	6	3	10	0	6	7	5	41	33	31	30	37	29	35	27	31	50	25	25	22	56	51	48	53	45	52	48	50	47	46	45	46	44	43	42	40	41	91	91	50	88	49	45	86	67	73	83	82	81	71	68	66	81	62	59	62	54	56	57	74	39	70	67	57	68	61	61	64
39	61	52	67	64	47	14	64	38	40	42	44	51	40	49	44	48	38	37	42	30	32	29	29	25	33	23	24	15	21	23	9	8	6	8	6	6	0	2	5	40	34	32	31	36	30	35	28	34	50	25	25	24	55	50	47	52	44	50	47	48	49	48	48	47	45	45	45	41	43	94	93	52	91	51	50	88	70	76	86	84	83	75	72	70	84	66	62	66	59	60	61	79	44	76	72	60	73	66	66	70
41	63	54	68	65	49	16	65	39	41	44	45	51	41	50	45	49	39	38	43	32	34	30	30	27	34	23	26	16	22	25	11	10	8	9	7	7	2	0	5	42	36	34	33	38	32	37	30	36	52	27	27	25	56	52	49	53	45	52	48	49	51	50	50	49	46	47	47	43	45	96	95	54	93	53	51	90	72	78	88	86	85	76	74	72	86	68	64	68	61	62	63	81	46	77	74	62	75	68	68	71
40	60	51	66	64	47	16	63	37	38	41	42	47	37	46	40	45	35	34	38	30	32	29	25	25	30	19	24	11	21	22	14	11	9	8	11	5	5	5	0	45	37	35	34	41	34	39	32	36	54	29	29	27	59	55	52	57	48	55	52	53	52	51	50	50	48	48	47	45	46	96	96	55	93	54	49	91	72	78	88	87	86	76	73	71	86	67	64	67	59	61	62	78	44	75	71	62	72	65	65	68
32	59	53	57	54	47	31	56	42	53	48	51	68	59	68	64	69	60	61	65	33	38	35	53	34	50	52	36	49	36	40	31	34	36	39	35	41	40	42	45	0	14	14	17	4	13	7	18	22	12	17	16	20	15	10	7	14	4	13	8	13	18	22	26	17	11	20	25	13	19	60	61	21	57	24	48	57	45	47	52	49	52	54	52	52	57	48	40	51	50	44	48	74	40	70	67	34	71	61	65	70
19	46	39	46	42	34	21	44	28	39	34	37	54	45	55	50	55	46	47	52	19	25	21	40	21	36	40	23	39	23	27	25	26	28	30	30	33	34	36	37	14	0	2	4	12	5	7	6	8	18	9	10	10	28	23	18	27	17	27	22	27	15	15	17	13	11	12	14	7	10	60	60	18	57	18	34	55	39	44	52	50	50	46	44	44	53	39	32	41	38	34	38	62	27	58	55	28	59	49	52	57
19	47	40	47	43	34	20	45	28	38	34	37	54	44	54	50	55	46	47	51	18	24	21	39	20	36	39	22	37	22	26	23	24	26	28	28	31	32	34	35	14	2	0	3	12	4	7	4	9	19	7	8	9	29	24	19	28	18	27	23	27	17	17	19	15	13	14	16	9	12	62	62	20	59	20	35	57	41	46	54	52	52	48	45	45	55	40	34	43	39	35	39	63	28	59	56	30	59	50	53	57
17	44	37	45	41	31	18	43	25	35	31	34	51	41	51	47	52	43	44	48	15	21	18	36	17	33	37	20	35	20	24	23	24	25	27	28	30	31	33	34	17	4	3	0	15	6	10	3	6	21	8	9	8	32	27	22	31	21	30	25	30	18	17	18	16	15	14	15	10	12	62	62	21	59	20	32	57	40	45	54	53	52	47	44	44	54	39	33	41	37	34	37	60	25	57	54	29	57	47	50	55
31	59	52	57	54	46	27	56	40	50	46	49	65	56	66	61	66	57	58	62	30	36	32	49	31	47	48	33	45	32	37	27	30	31	35	31	37	36	38	41	4	12	12	15	0	10	5	15	20	16	13	12	17	19	14	11	17	8	16	12	15	21	23	27	19	13	21	25	14	20	64	65	23	61	26	47	60	47	50	56	53	55	55	53	54	60	49	41	52	50	45	49	74	39	70	67	36	71	61	64	69
22	50	43	50	47	37	18	49	30	40	36	39	55	46	56	51	56	47	47	52	20	26	22	39	21	37	39	23	36	22	27	21	22	24	27	25	29	30	32	34	13	5	4	6	10	0	6	5	12	21	4	5	7	29	23	19	27	17	26	22	25	20	21	22	18	15	18	20	12	16	65	65	23	62	24	38	60	45	49	57	55	55	51	49	49	58	44	38	46	43	39	42	66	30	63	59	34	63	53	56	60
26	53	46	52	49	41	25	51	35	45	41	44	61	51	61	57	62	52	53	58	25	31	28	46	27	43	45	29	42	29	33	26	28	30	33	31	35	35	37	39	7	7	7	10	5	6	0	11	15	15	11	10	13	22	17	13	21	11	20	16	20	17	19	22	15	10	16	20	9	15	61	62	20	58	21	41	57	43	46	53	51	52	51	48	49	56	44	37	47	45	40	44	68	34	65	62	32	65	55	59	64
18	46	38	47	43	32	16	45	25	35	31	34	50	41	51	46	51	42	43	47	15	21	17	35	16	32	35	18	33	18	22	20	21	23	24	25	27	28	30	32	18	6	4	3	15	5	11	0	8	23	5	7	5	33	28	23	32	22	31	26	30	21	20	21	19	17	17	18	13	15	65	65	24	62	23	34	60	43	48	57	56	55	49	47	46	57	41	36	43	39	36	39	62	26	59	55	32	58	49	51	56
11	38	31	39	35	26	20	37	20	31	26	29	46	38	47	43	48	39	41	45	12	17	14	34	15	30	36	18	35	19	22	26	26	28	28	31	31	34	36	36	22	8	9	6	20	12	15	8	0	23	13	15	12	36	31	26	35	25	35	30	35	17	15	14	16	17	12	11	12	10	60	59	20	57	18	27	54	36	42	52	51	49	42	39	38	50	34	29	35	31	28	31	55	19	51	48	26	51	41	44	49
31	55	50	51	48	45	39	51	42	54	48	51	69	61	70	66	71	63	64	68	35	40	38	57	38	53	58	41	56	41	45	41	43	45	47	46	50	50	52	54	12	18	19	21	16	21	15	23	23	0	25	25	27	16	12	8	17	11	18	14	20	10	15	20	10	6	15	20	12	15	48	49	11	45	16	45	45	35	36	40	37	40	44	42	44	46	39	31	43	45	37	42	68	38	64	62	24	66	56	60	65
23	50	42	52	48	37	14	50	29	38	35	38	53	43	53	48	53	44	44	49	18	24	20	36	18	34	35	20	32	19	24	16	18	20	22	21	25	25	27	29	17	9	7	8	13	4	11	5	13	25	0	2	3	32	27	23	30	21	30	25	28	24	24	25	22	19	21	22	16	19	69	69	27	66	27	38	64	48	53	61	59	59	54	51	51	62	46	40	48	44	41	44	67	31	63	60	37	63	54	56	60
25	52	45	54	50	39	15	52	31	40	37	40	55	45	55	50	55	46	46	51	21	26	22	38	20	36	36	22	33	21	25	16	18	20	23	21	25	25	27	29	16	10	8	9	12	5	10	7	15	25	2	0	5	31	26	23	29	20	28	24	27	25	25	27	23	20	23	24	17	21	70	70	28	67	28	40	65	49	54	62	60	60	56	53	53	63	48	42	50	46	43	46	69	33	66	62	38	65	56	58	63
21	48	40	50	47	34	11	48	27	35	33	35	50	40	50	45	50	41	41	46	16	22	17	33	15	31	32	17	29	16	21	15	16	18	20	20	22	24	25	27	20	10	9	8	17	7	13	5	12	27	3	5	0	36	30	26	34	24	33	28	32	25	25	25	24	21	22	23	18	20	70	70	28	67	28	36	65	48	53	62	61	60	54	51	51	62	46	41	47	42	40	43	65	29	62	58	37	61	52	54	58
45	70	65	66	63	60	46	66	56	67	62	65	82	73	83	79	84	75	76	80	47	53	50	68	49	65	67	51	64	51	55	45	49	50	54	49	56	55	56	59	15	28	29	32	19	29	22	33	36	16	32	31	36	0	5	10	4	12	6	8	9	26	31	36	25	20	30	35	25	30	57	59	27	54	31	60	55	49	49	50	46	51	59	57	59	59	55	46	59	60	52	57	83	53	80	77	39	82	71	76	81
40	66	60	62	59	55	41	62	51	62	56	59	77	68	78	73	78	69	70	75	42	48	44	63	43	59	62	46	59	46	50	41	44	45	49	45	51	50	52	55	10	23	24	27	14	23	17	28	31	12	27	26	30	5	0	5	5	6	6	4	9	22	26	31	21	15	25	30	20	25	57	59	23	54	27	55	54	46	47	49	46	50	56	54	56	57	51	42	55	56	48	53	79	48	76	73	36	77	67	71	76
35	61	55	58	54	50	37	57	46	57	51	54	72	63	73	69	73	65	66	70	37	43	40	58	39	55	58	42	55	41	46	38	41	42	45	42	48	47	49	52	7	18	19	22	11	19	13	23	26	8	23	23	26	10	5	0	10	4	11	6	12	17	22	26	16	10	21	25	15	20	55	57	19	52	23	50	52	42	44	47	44	47	52	50	51	54	47	38	51	51	44	48	74	43	71	68	32	72	62	66	71
45	71	65	68	64	60	44	67	55	66	61	64	81	72	82	78	82	73	74	79	46	52	49	66	47	64	65	50	62	49	54	42	46	47	51	46	53	52	53	57	14	27	28	31	17	27	21	32	35	17	30	29	34	4	5	10	0	10	2	5	5	27	32	36	26	20	31	36	25	30	60	63	28	58	33	60	58	51	52	53	49	54	61	59	61	62	56	48	60	61	54	59	84	53	81	78	41	82	72	76	81
35	62	55	59	56	50	35	59	45	56	51	54	71	62	72	67	72	63	64	69	36	42	38	56	37	53	56	40	52	39	44	34	38	39	42	39	45	44	45	48	4	17	18	21	8	17	11	22	25	11	21	20	24	12	6	4	10	0	10	5	10	19	23	28	18	12	22	27	16	21	59	60	21	56	25	50	56	45	47	51	48	51	54	52	54	57	49	40	52	52	46	50	76	43	72	69	35	73	63	67	72
45	71	65	68	65	60	43	68	55	66	61	64	81	72	82	77	82	73	74	78	46	52	48	66	47	63	64	49	60	48	53	41	45	46	50	45	52	50	52	55	13	27	27	30	16	26	20	31	35	18	30	28	33	6	6	11	2	10	0	5	3	28	32	37	27	21	31	36	25	31	62	64	29	60	34	60	60	52	53	55	51	56	62	60	62	63	57	49	61	62	55	59	85	53	82	79	42	83	73	77	82
40	66	60	64	60	55	39	63	50	61	56	59	76	67	77	72	77	68	69	74	41	47	43	61	42	58	60	45	56	44	48	38	41	42	46	41	48	47	48	52	8	22	23	25	12	22	16	26	30	14	25	24	28	8	4	6	5	5	5	0	6	23	28	32	22	16	27	31	20	26	60	62	25	58	29	55	58	49	50	53	49	53	58	56	58	60	53	44	57	57	50	55	80	48	77	74	38	78	68	72	77
45	72	66	69	66	60	42	69	55	65	61	64	81	71	81	76	81	72	73	78	45	51	48	65	46	62	63	49	59	47	52	39	43	44	48	42	50	48	49	53	13	27	27	30	15	25	20	30	35	20	28	27	32	9	9	12	5	10	3	6	0	29	34	38	28	22	32	37	26	32	65	67	31	62	35	61	63	54	55	58	54	58	64	62	64	65	59	50	63	63	56	60	86	53	83	80	44	84	74	78	82
22	45	40	41	37	36	36	41	34	46	39	42	60	53	62	58	63	55	57	61	28	33	31	51	32	46	53	35	52	36	39	40	41	43	45	45	47	49	51	52	18	15	17	18	21	20	17	21	17	10	24	25	25	26	22	17	27	19	28	23	29	0	5	10	2	8	6	10	8	7	45	45	3	42	6	35	40	27	30	37	35	35	35	33	34	39	30	21	34	35	27	32	58	29	54	51	16	56	46	50	55
18	40	35	36	33	31	35	36	30	41	34	37	56	49	57	54	58	51	53	57	25	29	28	48	29	42	50	32	50	34	36	40	40	42	43	45	46	48	50	51	22	15	17	17	23	21	19	20	15	15	24	25	25	31	26	22	32	23	32	28	34	5	0	5	5	12	3	6	9	5	45	45	6	42	3	30	40	24	28	37	36	35	32	30	30	38	26	18	29	30	22	27	53	24	49	47	13	51	41	45	50
14	35	30	31	28	26	34	31	26	37	30	33	51	45	53	50	54	47	49	53	22	26	25	44	27	38	47	30	48	32	34	40	40	42	42	45	45	48	50	50	26	17	19	18	27	22	22	21	14	20	25	27	25	36	31	26	36	28	37	32	38	10	5	0	10	16	6	3	13	7	46	45	10	43	6	25	40	23	28	38	38	35	29	27	27	36	22	15	25	25	18	22	48	20	45	42	12	46	36	40	45
22	45	40	41	38	36	34	41	33	45	38	41	60	52	61	57	62	54	56	60	27	32	30	50	30	44	51	33	51	34	38	38	39	41	43	43	46	47	49	50	17	13	15	16	19	18	15	19	16	10	22	23	24	25	21	16	26	18	27	22	28	2	5	10	0	6	5	10	6	6	47	47	5	44	7	35	42	28	32	39	37	37	37	35	36	41	31	23	34	35	28	32	58	29	55	52	17	56	46	50	55
25	51	45	48	44	40	33	47	36	48	42	45	63	55	64	60	65	56	58	62	29	34	31	51	31	47	52	34	50	35	38	35	37	39	41	40	44	45	46	48	11	11	13	15	13	15	10	17	17	6	19	20	21	20	15	10	20	12	21	16	22	8	12	16	6	0	10	15	5	10	51	52	10	48	13	40	47	34	37	43	41	42	43	41	42	47	37	29	41	41	34	38	64	33	61	58	23	62	52	56	61
17	40	35	37	34	30	32	37	28	40	33	36	55	47	56	52	57	49	51	55	23	27	25	45	27	40	47	29	47	31	34	37	37	39	40	42	43	45	47	48	20	12	14	14	21	18	16	17	12	15	21	23	22	30	25	21	31	22	31	27	32	6	3	6	5	10	0	5	7	2	48	48	8	45	6	30	43	27	31	40	39	38	34	32	33	41	28	20	31	30	24	28	54	24	50	47	16	52	41	46	51
12	35	30	33	29	25	31	32	24	36	29	31	50	43	51	48	52	45	47	51	20	23	22	42	24	36	45	27	46	29	31	37	37	39	39	42	42	45	47	47	25	14	16	15	25	20	20	18	11	20	22	24	23	35	30	25	36	27	36	31	37	10	6	3	10	15	5	0	11	5	49	48	12	46	8	25	43	25	31	41	41	38	32	29	29	39	24	18	27	26	20	24	49	19	46	43	15	47	37	41	46
20	46	40	44	40	35	29	43	31	42	37	40	58	49	59	55	59	51	52	57	23	29	26	46	26	41	47	29	45	30	33	32	34	35	37	37	40	41	43	45	13	7	9	10	14	12	9	13	12	12	16	17	18	25	20	15	25	16	25	20	26	8	9	13	6	5	7	11	0	6	53	53	11	50	12	35	48	34	37	45	43	43	41	39	40	47	35	27	38	37	31	35	60	28	57	54	22	58	48	52	57
16	41	35	38	34	30	30	37	27	39	33	35	54	46	55	51	56	48	50	54	21	26	24	44	25	39	46	28	46	29	32	35	35	37	38	40	41	43	45	46	19	10	12	12	20	16	15	15	10	15	19	21	20	30	25	20	30	21	31	26	32	7	5	7	6	10	2	5	6	0	50	50	9	47	8	30	45	29	33	42	41	40	36	34	34	42	29	22	32	31	25	29	55	23	51	48	18	52	42	46	51
59	62	64	51	50	64	80	54	68	78	70	72	89	86	91	90	93	89	92	94	68	70	71	89	73	81	93	75	94	78	79	85	86	88	88	90	91	94	96	96	60	60	62	62	64	65	61	65	60	48	69	70	70	57	57	55	60	59	62	60	65	45	45	46	47	51	48	49	53	50	0	5	42	3	42	61	7	27	20	8	11	11	32	34	38	18	38	35	42	52	43	46	62	60	60	60	34	65	58	64	68
57	59	61	47	47	61	79	51	66	76	68	69	86	83	88	87	90	87	89	92	67	68	69	87	72	79	91	74	93	76	78	85	85	87	88	90	91	93	95	96	61	60	62	62	65	65	62	65	59	49	69	70	70	59	59	57	63	60	64	62	67	45	45	45	47	52	48	48	53	50	5	0	42	6	42	58	5	25	18	9	14	10	28	30	34	14	35	33	39	49	40	43	57	58	56	56	33	61	54	60	64
24	45	41	40	37	37	39	40	36	47	40	43	62	55	63	60	64	57	59	63	30	35	33	53	34	48	55	37	55	39	41	43	44	46	47	48	50	52	54	55	21	18	20	21	23	23	20	24	20	11	27	28	28	27	23	19	28	21	29	25	31	3	6	10	5	10	8	12	11	9	42	42	0	39	5	36	37	24	27	34	32	32	33	31	33	37	28	19	32	34	26	31	57	30	53	51	13	55	45	50	55
56	60	62	49	48	61	77	52	65	75	67	69	87	83	89	88	91	87	89	92	65	67	68	86	70	79	90	72	91	75	76	82	83	85	85	87	88	91	93	93	57	57	59	59	61	62	58	62	57	45	66	67	67	54	54	52	58	56	60	58	62	42	42	43	44	48	45	46	50	47	3	6	39	0	39	59	5	25	17	5	9	9	30	32	36	17	36	32	40	50	41	44	60	57	59	58	32	64	56	62	66
20	40	36	35	32	32	38	35	31	43	36	38	57	51	59	56	60	53	55	59	27	31	30	50	32	44	52	34	53	36	39	43	43	45	46	48	49	51	53	54	24	18	20	20	26	24	21	23	18	16	27	28	28	31	27	23	33	25	34	29	35	6	3	6	7	13	6	8	12	8	42	42	5	39	0	31	37	21	25	34	34	32	30	28	29	35	24	16	28	29	21	26	52	25	49	46	10	50	40	45	50
16	12	5	17	15	3	37	14	12	18	10	11	28	25	30	29	32	29	32	34	21	17	21	31	25	23	37	26	42	29	27	46	43	45	42	50	45	50	51	49	48	34	35	32	47	38	41	34	27	45	38	40	36	60	55	50	60	50	60	55	61	35	30	25	35	40	30	25	35	30	61	58	36	59	31	0	54	34	41	55	57	50	32	29	26	45	23	27	21	11	18	16	30	8	26	23	30	25	16	18	22
52	55	57	44	43	57	74	47	61	71	63	65	82	79	84	83	86	82	85	87	62	64	64	82	67	75	86	69	88	72	73	80	80	82	83	85	86	88	90	91	57	55	57	57	60	60	57	60	54	45	64	65	65	55	54	52	58	56	60	58	63	40	40	40	42	47	43	43	48	45	7	5	37	5	37	54	0	21	13	6	11	5	25	27	30	12	31	28	35	45	36	39	55	53	53	53	28	58	51	57	61
32	36	37	26	24	36	56	29	41	51	43	44	62	58	64	63	66	62	64	67	42	43	45	62	47	54	66	49	69	52	53	63	62	64	64	68	67	70	72	72	45	39	41	40	47	45	43	43	36	35	48	49	48	49	46	42	51	45	52	49	54	27	24	23	28	34	27	25	34	29	27	25	24	25	21	34	21	0	8	21	24	16	10	10	13	14	12	8	17	25	16	19	40	33	38	36	11	42	33	39	43
39	44	45	33	32	44	62	36	48	58	50	52	70	66	72	70	73	69	72	75	49	51	51	69	54	62	73	56	76	59	60	68	68	70	70	73	73	76	78	78	47	44	46	45	50	49	46	48	42	36	53	54	53	49	47	44	52	47	53	50	55	30	28	28	32	37	31	31	37	33	20	18	27	17	25	41	13	8	0	13	17	9	15	16	20	10	19	15	24	33	23	27	46	40	44	43	16	48	40	46	51
51	57	58	46	45	57	72	49	61	71	63	65	83	79	85	84	87	82	85	88	60	63	63	81	65	74	85	68	87	70	72	77	78	80	80	82	83	86	88	88	52	52	54	54	56	57	53	57	52	40	61	62	62	50	49	47	53	51	55	53	58	37	37	38	39	43	40	41	45	42	8	9	34	5	34	55	6	21	13	0	5	5	28	29	33	16	33	28	37	46	37	40	59	53	56	56	27	61	54	59	64
51	60	60	50	48	59	71	52	62	73	65	67	85	80	87	85	88	84	86	89	60	63	63	82	65	75	85	68	86	70	72	76	76	78	80	81	82	84	86	87	49	50	52	53	53	55	51	56	51	37	59	60	61	46	46	44	49	48	51	49	54	35	36	38	37	41	39	41	43	41	11	14	32	9	34	57	11	24	17	5	0	10	32	33	36	21	36	30	40	49	39	43	63	54	60	60	27	65	57	63	67
47	52	53	41	40	52	69	44	57	67	59	60	78	75	80	79	82	78	81	83	57	59	59	77	62	70	82	64	83	67	68	75	75	77	78	80	81	83	85	86	52	50	52	52	55	55	52	55	49	40	59	60	60	51	50	47	54	51	56	53	58	35	35	35	37	42	38	38	43	40	11	10	32	9	32	50	5	16	9	5	10	0	22	24	27	11	28	24	32	41	32	35	53	49	51	51	24	56	48	54	58
35	30	34	19	19	34	60	23	41	49	41	42	58	57	61	60	63	60	63	65	45	45	47	62	50	54	67	52	71	55	55	68	67	69	68	73	71	75	76	76	54	46	48	47	55	51	51	49	42	44	54	56	54	59	56	52	61	54	62	58	64	35	32	29	37	43	34	32	41	36	32	28	33	30	30	32	25	10	15	28	32	22	0	3	6	14	9	14	11	21	15	16	31	33	29	28	20	34	26	32	36
32	28	31	17	16	32	57	21	38	46	39	40	56	54	58	58	60	58	60	62	42	42	44	59	47	51	64	49	68	52	52	65	64	66	65	70	68	72	74	73	52	44	45	44	53	49	48	47	39	42	51	53	51	57	54	50	59	52	60	56	62	33	30	27	35	41	32	29	39	34	34	30	31	32	28	29	27	10	16	29	33	24	3	0	4	17	6	12	9	18	12	13	30	30	28	27	18	32	24	30	34
31	25	28	14	13	29	56	17	36	44	36	37	52	51	55	55	57	55	58	59	41	40	42	57	46	49	62	47	66	51	50	64	63	65	63	69	66	70	72	71	52	44	45	44	54	49	49	46	38	44	51	53	51	59	56	51	61	54	62	58	64	34	30	27	36	42	33	29	40	34	38	34	33	36	29	26	30	13	20	33	36	27	6	4	0	20	5	13	5	15	10	10	27	28	25	23	20	29	21	27	31
46	45	48	33	33	48	70	37	54	63	55	56	72	70	75	74	77	74	77	79	56	57	58	75	61	67	80	63	82	66	67	77	76	78	78	82	81	84	86	86	57	53	55	54	60	58	56	57	50	46	62	63	62	59	57	54	62	57	63	60	65	39	38	36	41	47	41	39	47	42	18	14	37	17	35	45	12	14	10	16	21	11	14	17	20	0	22	22	25	35	28	30	43	46	42	42	25	47	40	46	50
26	24	26	15	13	26	52	17	32	41	33	34	51	48	53	52	55	52	55	57	36	36	38	53	41	45	58	43	62	46	46	59	58	60	59	64	62	66	68	67	48	39	40	39	49	44	44	41	34	39	46	48	46	55	51	47	56	49	57	53	59	30	26	22	31	37	28	24	35	29	38	35	28	36	24	23	31	12	19	33	36	28	9	6	5	22	0	9	5	13	6	8	30	24	27	25	16	31	22	27	32
24	31	31	23	20	29	48	25	33	43	35	37	55	51	57	56	59	54	57	60	34	35	36	54	39	47	58	41	61	44	45	55	54	56	56	60	59	62	64	64	40	32	34	33	41	38	37	36	29	31	40	42	41	46	42	38	48	40	49	44	50	21	18	15	23	29	20	18	27	22	35	33	19	32	16	27	28	8	15	28	30	24	14	12	13	22	9	0	14	20	10	15	39	25	36	34	6	39	30	35	40
27	20	22	9	8	24	52	12	31	38	31	31	47	46	50	49	51	49	52	54	36	35	38	51	41	43	57	43	61	46	45	60	59	60	59	65	62	66	68	67	51	41	43	41	52	46	47	43	35	43	48	50	47	59	55	51	60	52	61	57	63	34	29	25	34	41	31	27	38	32	42	39	32	40	28	21	35	17	24	37	40	32	11	9	5	25	5	14	0	10	7	5	25	23	22	20	20	25	17	22	27
21	12	13	8	4	14	46	6	22	29	21	22	37	36	40	39	42	40	42	44	30	27	30	42	34	34	48	35	53	39	37	54	52	54	52	59	54	59	61	59	50	38	39	37	50	43	45	39	31	45	44	46	42	60	56	51	61	52	62	57	63	35	30	25	35	41	30	26	37	31	52	49	34	50	29	11	45	25	33	46	49	41	21	18	15	35	13	20	10	0	10	6	24	15	20	17	25	21	11	16	21
21	22	21	14	11	21	46	15	26	35	27	29	46	43	48	47	50	47	49	51	30	30	32	47	35	40	52	37	56	40	40	54	52	54	53	59	56	60	62	61	44	34	35	34	45	39	40	36	28	37	41	43	40	52	48	44	54	46	55	50	56	27	22	18	28	34	24	20	31	25	43	40	26	41	21	18	36	16	23	37	39	32	15	12	10	28	6	10	7	10	0	5	31	18	27	25	15	30	20	25	30
22	17	18	9	6	19	48	10	26	34	26	27	43	41	45	45	47	45	47	49	32	30	33	46	36	38	52	38	56	41	40	56	54	56	54	60	57	61	63	62	48	38	39	37	49	42	44	39	31	42	44	46	43	57	53	48	59	50	59	55	60	32	27	22	32	38	28	24	35	29	46	43	31	44	26	16	39	19	27	40	43	35	16	13	10	30	8	15	5	6	5	0	26	18	23	20	20	25	15	21	25
44	18	27	17	20	32	67	17	41	42	37	36	42	46	45	47	47	50	53	52	51	47	51	56	55	49	63	55	70	59	56	76	73	74	71	80	74	79	81	78	74	62	63	60	74	66	68	62	55	68	67	69	65	83	79	74	84	76	85	80	86	58	53	48	58	64	54	49	60	55	62	57	57	60	52	30	55	40	46	59	63	53	31	30	27	43	30	39	25	24	31	26	0	37	4	7	45	7	13	13	12
8	20	12	23	20	7	31	20	8	18	11	13	32	26	34	31	35	29	32	35	14	12	15	29	19	22	34	20	38	23	22	39	37	38	36	44	39	44	46	44	40	27	28	25	39	30	34	26	19	38	31	33	29	53	48	43	53	43	53	48	53	29	24	20	29	33	24	19	28	23	60	58	30	57	25	8	53	33	40	53	54	49	33	30	28	46	24	25	23	15	18	18	37	0	33	30	27	32	23	26	30
41	15	23	13	17	29	63	14	38	39	34	33	40	44	43	45	45	48	50	50	47	44	48	53	51	46	60	52	67	55	52	72	69	71	68	76	70	76	77	75	70	58	59	57	70	63	65	59	51	64	63	66	62	80	76	71	81	72	82	77	83	54	49	45	55	61	50	46	57	51	60	56	53	59	49	26	53	38	44	56	60	51	29	28	25	42	27	36	22	20	27	23	4	33	0	4	42	6	10	10	10
37	11	20	11	14	25	60	11	34	35	30	29	37	40	40	42	42	44	47	47	44	40	44	50	48	42	57	48	63	52	49	69	66	67	64	73	67	72	74	71	67	55	56	54	67	59	62	55	48	62	60	62	58	77	73	68	78	69	79	74	80	51	47	42	52	58	47	43	54	48	60	56	51	58	46	23	53	36	43	56	60	51	28	27	23	42	25	34	20	17	25	20	7	30	4	0	40	5	6	7	9
24	36	34	29	26	32	46	30	34	45	37	40	58	53	60	58	62	56	59	62	34	36	36	55	38	48	58	41	60	43	45	52	52	54	54	57	57	60	62	62	34	28	30	29	36	34	32	32	26	24	37	38	37	39	36	32	41	35	42	38	44	16	13	12	17	23	16	15	22	18	34	33	13	32	10	30	28	11	16	27	27	24	20	18	20	25	16	6	20	25	15	20	45	27	42	40	0	45	35	41	46
40	13	21	16	19	27	62	15	36	35	31	30	35	39	38	40	40	43	46	45	46	42	46	50	49	42	57	50	64	53	50	71	67	69	66	74	68	73	75	72	71	59	59	57	71	63	65	58	51	66	63	65	61	82	77	72	82	73	83	78	84	56	51	46	56	62	52	47	58	52	65	61	55	64	50	25	58	42	48	61	65	56	34	32	29	47	31	39	25	21	30	25	7	32	6	5	45	0	10	7	5
31	6	14	7	9	19	53	5	28	30	25	24	34	36	37	38	39	40	43	43	38	34	38	45	41	37	52	42	58	45	43	62	59	61	58	66	61	66	68	65	61	49	50	47	61	53	55	49	41	56	54	56	52	71	67	62	72	63	73	68	74	46	41	36	46	52	41	37	48	42	58	54	45	56	40	16	51	33	40	54	57	48	26	24	21	40	22	30	17	11	20	15	13	23	10	6	35	10	0	6	10
34	6	14	13	15	20	54	10	29	29	24	23	30	33	33	35	35	37	40	40	39	35	39	43	42	36	50	43	57	46	43	64	60	62	59	67	61	66	68	65	65	52	53	50	64	56	59	51	44	60	56	58	54	76	71	66	76	67	77	72	78	50	45	40	50	56	46	41	52	46	64	60	50	62	45	18	57	39	46	59	63	54	32	30	27	46	27	35	22	16	25	21	13	26	10	7	41	7	6	0	5
38	10	18	17	20	24	58	15	33	31	28	26	30	34	33	35	35	38	41	40	43	38	43	45	46	38	52	46	59	49	46	67	64	65	62	71	64	70	71	68	70	57	57	55	69	60	64	56	49	65	60	63	58	81	76	71	81	72	82	77	82	55	50	45	55	61	51	46	57	51	68	64	55	66	50	22	61	43	51	64	67	58	36	34	31	50	32	40	27	21	30	25	12	30	10	9	46	5	10	5	0
NODE_COORD_SECTION
1	40	50
2	52	75
3	45	70
4	62	69
5	60	66
6	42	65
7	16	42
8	58	70
9	34	60
10	28	70
11	35	66
12	35	69
13	25	85
14	22	75
15	22	85
16	20	80
17	20	85
18	18	75
19	15	75
20	15	80
21	30	50
22	30	56
23	28	52
24	14	66
25	25	50
26	22	66
27	8	62
28	23	52
29	4	55
30	20	50
31	20	55
32	10	35
33	10	40
34	8	40
35	8	45
36	5	35
37	5	45
38	2	40
39	0	40
40	0	45
41	36	18
42	35	32
43	33	32
44	33	35
45	32	20
46	30	30
47	34	25
48	30	35
49	36	40
50	48	20
51	26	32
52	25	30
53	25	35
54	44	5
55	42	10
56	42	15
57	40	5
58	38	15
59	38	5
60	38	10
61	35	5
62	50	30
63	50	35
64	50	40
65	48	30
66	44	25
67	47	35
68	47	40
69	42	30
70	45	35
71	95	30
72	95	35
73	53	30
74	92	30
75	53	35
76	45	65
77	90	35
78	72	45
79	78	40
80	87	30
81	85	25
82	85	35
83	75	55
84	72	55
85	70	58
86	86	46
87	66	55
88	64	46
89	65	60
90	56	64
91	60	55
92	60	60
93	67	85
94	42	58
95	65	82
96	62	80
97	62	40
98	60	85
99	58	75
100	55	80
101	55	85
DEMAND_SECTION
1	0
2	10
3	30
4	10
5	10
6	10
7	20
8	20
9	20
10	10
11	10
12	10
13	20
14	30
15	10
16	40
17	40
18	20
19	20
20	10
21	10
22	20
23	20
24	10
25	10
26	40
27	10
28	10
29	20
30	10
31	10
32	20
33	30
34	40
35	20
36	10
37	10
38	20
39	30
40	20
41	10
42	10
43	20
44	10
45	10
46	10
47	30
48	10
49	10
50	10
51	10
52	10
53	10
54	20
55	40
56	10
57	30
58	40
59	30
60	10
61	20
62	10
63	20
64	50
65	10
66	10
67	10
68	10
69	10
70	10
71	30
72	20
73	10
74	10
75	50
76	20
77	10
78	10
79	20
80	10
81	10
82	30
83	20
84	10
85	20
86	30
87	10
88	20
89	30
90	10
91	10
92	10
93	20
94	40
95	10
96	30
97	10
98	30
99	20
100	10
101	20
DEPOT_SECTION
1
-1
SERVICE_TIME_SECTION
1	0
2	90
3	90
4	90
5	90
6	90
7	90
8	90
9	90
10	90
11	90
12	90
13	90
14	90
15	90
16	90
17	90
18	90
19	90
20	90
21	90
22	90
23	90
24	90
25	90
26	90
27	90
28	90
29	90
30	90
31	90
32	90
33	90
34	90
35	90
36	90
37	90
38	90
39	90
40	90
41	90
42	90
43	90
44	90
45	90
46	90
47	90
48	90
49	90
50	90
51	90
52	90
53	90
54	90
55	90
56	90
57	90
58	90
59	90
60	90
61	90
62	90
63	90
64	90
65	90
66	90
67	90
68	90
69	90
70	90
71	90
72	90
73	90
74	90
75	90
76	90
77	90
78	90
79	90
80	90
81	90
82	90
83	90
84	90
85	90
86	90
87	90
88	90
89	90
90	90
91	90
92	90
93	90
94	90
95	90
96	90
97	90
98	90
99	90
100	90
101	90
TIME_WINDOW_SECTION
1	0	3390
2	0	3272
3	0	3279
4	0	3270
5	1261	1421
6	0	3284
7	497	657
8	0	3273
9	2887	3047
10	2601	2761
11	2791	2951
12	2698	2858
13	0	3261
14	2405	2565
15	2026	2186
16	2216	2376
17	1934	2094
18	2311	2471
19	1742	1902
20	1837	1997
21	10	170
22	0	3288
23	22	182
24	1643	1803
25	116	276
26	2504	2664
27	0	3265
28	209	369
29	1447	1607
30	398	558
31	303	463
32	0	3266
33	593	753
34	685	845
35	0	3267
36	876	1036
37	1253	1413
38	0	3260
39	1063	1223
40	1158	1318
41	1819	1979
42	2758	2918
43	2666	2826
44	2573	2733
45	1913	2073
46	2105	2265
47	2009	2169
48	2480	2640
49	0	3289
50	967	1127
51	0	3277
52	2200	2360
53	0	3278
54	1256	1416
55	1160	1320
56	1065	1225
57	1350	1510
58	1725	1885
59	1442	1602
60	0	3259
61	1535	1695
62	401	561
63	120	280
64	25	185
65	493	653
66	871	1031
67	588	748
68	12	172
69	776	936
70	680	840
71	2321	2481
72	2226	2386
73	0	3276
74	2414	2574
75	213	373
76	0	3284
77	2131	2291
78	2900	3060
79	2802	2962
80	2608	2768
81	2513	2673
82	2703	2863
83	0	3264
84	0	3267
85	1641	1801
86	0	3253
87	1736	1896
88	3097	3257
89	1546	1706
90	1355	1515
91	3119	3279
92	0	3277
93	694	854
94	8	168
95	0	3259
96	0	3262
97	0	3275
98	597	757
99	0	3269
100	407	567
101	502	662
EOF
